ROI: rpob_utr
Phase: 0
Total nodes checked: 3112449
Total variants found: 1410065
0 A 2
0 T 1
0 N 8069
1 N 12566
2 T 4
2 N 8893
3 N 10755
4 N 8456
5 A 37
5 N 14963
6 A 14
6 T 4
6 N 3616
7 N 5781
8 A 1
8 N 5133
9 N 10302
10 N 3367
11 N 5770
12 N 8837
13 N 17124
14 A 355
14 G 1
14 N 4311
15 N 12304
16 A 426
16 G 1
16 N 6611
17 A 48
17 T 1
17 N 5394
18 A 89
18 N 4974
19 C 1
19 N 4702
20 A 885
20 N 7984
21 N 5052
22 N 234324
23 N 8688
24 A 20
24 N 5588
25 T 1
25 N 10760
26 A 3
26 T 2
26 N 16019
27 A 9
27 N 24290
28 N 8293
29 A 981
29 N 7563
30 N 12438
31 A 14
31 G 1
31 N 3093
32 N 5112
33 A 39
33 N 7833
34 A 56
34 N 11367
35 N 5356
36 A 27
36 N 5076
37 N 6343
38 A 371
38 T 1
38 N 4771
39 A 55
39 T 25
39 N 5501
40 A 23
40 T 2
40 N 8374
41 A 20
41 N 94353
42 G 1
42 N 24106
43 C 2
43 N 5088
44 N 5191
45 N 3567
46 N 2783
47 C 25
47 N 25469
48 A 16
48 T 1
48 N 11542
49 A 306
49 G 1
49 N 13260
50 A 1392
50 N 18505
51 A 121
51 T 1
51 N 9006
52 A 47
52 N 4456
53 A 406
53 T 1
53 N 7135
54 N 19708
55 A 2
55 N 16300
56 A 55
56 N 14137
57 A 11
57 T 1
57 N 9347
58 A 5
58 N 15069
59 N 20613
60 N 10358
61 N 12397
62 A 5
62 N 15482
63 C 1
63 N 32235
64 A 8
64 T 2
64 N 8614
65 A 41
65 T 2
65 N 18548
66 N 5485
67 N 4372
68 N 5447
69 A 7
69 N 10097
70 N 7451
71 A 344
71 N 10638
72 A 317
72 N 9630
73 A 33
73 N 7100
74 N 8034
75 A 15
75 G 1
75 T 1
75 N 16117
76 A 23
76 T 7
76 N 13178
77 A 6
77 N 5928
78 A 4
78 N 27943
79 G 1
79 N 47033
80 N 18365
81 T 2
81 N 24288
82 G 1
82 N 10620
83 N 8803
84 N 10267
85 N 21805
86 A 1
86 T 2
86 N 25843
87 A 2
87 N 25644
88 N 21530
89 N 30283
90 N 39079
0 -79 2
0 -75 7
0 -49 2
0 -46 1
0 -43 3
0 -40 9
0 -35 2
0 -29 1
0 -12 2
0 -5 1
0 -3 2
0 12 1
1 -75 549
1 -71 1
1 -66 6
1 -65 1
1 -54 1
1 -6 2
1 15 1
2 -78 873
2 -63 3784
47 -1 31
63 -6 1
81 -1 1
83 -2 1
84 -3 1
84 -2 2
84 -1 5
85 -2 1
85 -1 7
85 1 2
86 -3 1
87 -3 1
87 -1 7
88 -1 2
88 1 1
89 -2 2
89 -1 4
90 -1 1
90 1 1
