ROI: rpoz
Phase: 3
Total nodes checked: 1271055
Total variants found: 782796
0 N 6952
1 A 18
1 N 1112
2 A 95
2 N 2437
3 N 6042
4 A 5
4 N 1291
5 N 10543
6 N 1340
7 N 974
8 N 4539
9 A 1
9 T 1
9 N 1601
10 A 33
10 N 1578
11 N 1437
12 N 898
13 N 1048
14 N 2053
15 N 3887
16 N 2557
17 N 3065
18 A 1
18 N 1069
19 N 1328
20 N 47061
21 N 1457
22 A 1
22 N 1135
23 N 1824
24 A 58
24 T 1
24 N 2577
25 N 4528
26 A 18
26 T 3
26 N 1850
27 A 11
27 N 2929
28 A 24
28 N 1601
29 A 20
29 N 4892
30 N 1208
31 N 2472
32 N 4745
33 A 4
33 N 22069
34 N 1200
35 A 7
35 N 2401
36 N 2397
37 N 1162
38 A 82
38 N 1839
39 N 38846
40 A 1
40 N 1672
41 A 1
41 N 2119
42 N 3334
43 A 16
43 N 4586
44 A 12
44 N 1650
45 A 24
45 N 5116
46 N 2238
47 A 2
47 N 4260
48 N 5855
49 N 2446
50 N 2181
51 N 2481
52 N 1141
53 N 6435
54 N 4280
55 N 2610
56 N 5734
57 N 2855
58 N 1557
59 A 2
59 N 2862
60 N 9449
61 N 14246
62 N 1068
63 N 4647
64 A 1
64 N 3415
65 A 62
65 N 3064
66 A 24
66 N 1104
67 N 4863
68 N 1247
69 N 1309
70 N 1668
71 A 1
71 N 1780
72 N 2529
73 A 10
73 N 3721
74 A 57
74 N 1687
75 C 1
75 N 1797
76 A 71
76 N 2848
77 A 1
77 N 4111
78 G 1
78 N 194575
79 N 1541
80 A 3
80 N 2082
81 C 1
81 N 224271
82 A 4
82 T 1
82 N 1214
83 N 5924
84 N 2251
85 A 52
85 N 2949
86 A 4
86 N 4803
87 N 2952
88 N 4969
0 -86 1
0 -84 1
0 -60 59
0 -59 1
0 -54 4
0 -50 1
0 -39 1
0 -20 1
0 -19 2
0 -7 190
0 -4 3
0 -3 1
0 -1 1
0 4 3
1 -26 7
1 -9 1
2 -4 1
2 -2 6
2 -1 43
3 -1 8
4 -1 2
5 -2 3
5 -1 1
7 -1 1
8 -3 2
8 -2 6
8 -1 1
9 -2 1
9 -1 8
10 -1 13
11 -7 2
12 -10 1
13 -7 1
14 -2 1
15 -1 14
18 -8 1
18 -2 1
19 -3 1
19 -2 1
19 -1 5
20 -2 6
20 -1 2
21 -3 1
21 -1 4
22 -4 1
22 -2 1
23 -1 5
25 -4 2
25 -2 12
25 -1 1
26 -3 1
27 -7 1
27 -1 49
28 -3 1
28 -2 6
28 -1 5
29 -1 1
30 -3 1
30 -2 1
31 -3 2
31 -2 4
32 -2 1
32 -1 9
33 -7 1
33 -2 1
33 -1 2
34 -1 1
35 -2 2
37 -1 1
41 -4 2
42 -3 2
42 -2 1
43 -1 1
44 -2 3
44 -1 20
45 -2 2
45 -1 4
46 -1 6
48 -3 1
48 -2 1
48 -1 3
49 -1 1
50 -4 1
50 -1 1
52 -2 4
52 -1 2
55 -2 2
56 -1 6
58 -1 1
62 -2 1
64 -2 1
65 -1 10
74 -1 2
75 -2 4
77 -1 2
79 -2 1
79 -1 1
80 -1 2
81 -2 2
81 -1 2
83 -1 3
