ROI: rpoz
Phase: 2
Total nodes checked: 1285708
Total variants found: 739101
0 N 22280
1 A 10
1 N 5708
2 A 58
2 N 2206
3 N 8217
4 A 3
4 N 9546
5 N 6863
6 A 3
6 N 8164
7 A 1
7 N 1466
8 C 1
8 N 4257
9 N 984
10 A 20
10 N 2723
11 N 3387
12 N 1848
13 N 1622
14 N 1965
15 N 3276
16 N 8128
17 C 1
17 N 2138
18 A 1
18 N 4457
19 N 2703
20 N 2325
21 A 1
21 N 121782
22 A 2
22 N 2098
23 A 9
23 N 1526
24 A 43
24 N 2854
25 N 8494
26 A 6
26 T 1
26 N 2231
27 A 19
27 T 1
27 N 1373
28 A 22
28 N 3373
29 A 42
29 N 2213
30 N 56123
31 N 1649
32 N 4996
33 A 7
33 N 6722
34 C 1
34 N 2171
35 A 3
35 N 1549
36 N 5178
37 A 1
37 N 2651
38 A 31
38 G 1
38 N 6276
39 G 1
39 N 17445
40 A 2
40 N 42329
41 A 3
41 N 1550
42 N 32390
43 A 11
43 N 4453
44 A 14
44 N 6845
45 A 15
45 N 2154
46 N 4201
47 A 2
47 N 67930
48 N 4450
49 N 4787
50 N 1664
51 N 7669
52 N 1130
53 N 4592
54 N 10242
55 N 7592
56 N 3855
57 N 7971
58 N 5266
59 A 2
59 N 2746
60 A 1
60 N 5208
61 N 7978
62 N 4702
63 N 5002
64 A 5
64 T 1
64 N 2822
65 A 46
65 N 9842
66 A 25
66 T 1
66 N 1746
67 N 3453
68 N 8410
69 N 1570
70 N 2315
71 N 2739
72 N 8016
73 A 5
73 N 2647
74 A 24
74 N 6831
75 A 1
75 N 2011
76 A 45
76 T 1
76 N 2138
77 A 1
77 N 4862
78 N 2954
79 N 2746
80 A 6
80 N 2096
81 N 38995
82 A 1
82 N 1730
83 A 1
83 N 2343
84 N 3500
85 A 38
85 N 4334
86 A 6
86 N 8603
87 N 3779
88 N 5856
0 -60 33
0 -50 1
0 -19 3
0 -7 96
0 -3 2
0 -2 7
0 -1 3
0 4 1
1 -26 6
2 -12 1
2 -4 1
2 -2 7
2 -1 54
3 -3 1
3 -2 1
3 -1 10
3 1 1
4 -1 2
5 -2 4
5 -1 6
7 -3 1
8 -2 8
8 -1 2
9 -2 2
9 -1 9
10 -2 1
10 -1 17
12 -10 1
13 -7 2
14 -2 2
15 -1 12
16 -2 1
18 -1 1
19 -14 1
19 -9 1
19 -1 9
20 -4 1
20 -2 9
20 -1 1
21 -3 2
21 -2 1
21 -1 9
22 -2 2
23 -1 3
24 -3 2
25 -3 1
25 -2 16
25 -1 1
26 -1 4
27 -7 1
27 -2 1
27 -1 37
28 -4 2
28 -2 8
28 -1 4
30 -3 1
30 -2 2
30 -1 1
31 -10 1
31 -2 7
32 -1 9
33 -1 1
34 -1 1
36 -2 1
37 -1 4
41 -2 3
43 -1 1
44 -2 4
44 -1 20
45 -1 6
46 -3 2
46 -1 4
48 -3 1
48 -1 2
49 -1 6
51 -1 1
52 -5 1
52 -3 1
52 -1 4
56 -1 5
58 -1 1
61 -1 1
62 -3 1
62 -2 2
63 -1 1
65 -1 14
69 -2 1
70 -1 1
75 -2 5
77 -1 6
78 -2 1
80 -1 5
84 -3 1
