ROI: rpoz
Phase: 4
Total nodes checked: 1273926
Total variants found: 1289118
0 G 1
0 N 12576
1 A 29
1 N 4117
2 A 967
2 N 19406
3 N 2714
4 A 64
4 T 1
4 N 4937
5 N 9897
6 A 7
6 T 2
6 N 1668
7 A 1
7 T 14
7 N 779
8 N 3360
9 A 13
9 T 2
9 N 49020
10 A 361
10 N 8193
11 C 1
11 N 1430
12 N 1032
13 N 2004
14 N 4071
15 N 1127
16 N 4613
17 C 1
17 N 2126
18 A 4
18 N 48077
19 N 85861
20 N 1439
21 N 1708
22 A 6
22 T 5
22 N 2564
23 A 7
23 T 2
23 N 3361
24 A 384
24 N 2308
25 N 3492
26 A 19
26 T 1
26 N 2265
27 A 19
27 N 1142
28 A 179
28 N 2051
29 A 29
29 N 37554
30 N 2377
31 N 4604
32 G 2
32 N 7836
33 A 18
33 N 1523
34 N 2341
35 A 35
35 N 1129
36 N 2449
37 N 1189
38 A 1436
38 N 43333
39 N 1433
40 A 4
40 T 2
40 N 2285
41 A 14
41 N 2325
42 G 1
42 N 3541
43 A 48
43 N 1605
44 A 52
44 N 1477
45 A 222
45 N 5429
46 N 2082
47 A 18
47 N 936
48 N 203562
49 G 1
49 N 3687
50 T 7
50 N 876
51 N 2855
52 A 2
52 T 1
52 N 6617
53 N 4229
54 N 2540
55 N 7135
56 N 2737
57 N 1419
58 N 2553
59 A 6
59 T 3
59 N 5340
60 A 3
60 N 5085
61 N 2645
62 N 2617
63 N 63210
64 A 38
64 N 3513
65 A 936
65 N 71628
66 A 127
66 N 5815
67 N 1693
68 N 1442
69 N 1632
70 N 1780
71 A 6
71 T 4
71 N 2015
72 N 4122
73 A 52
73 N 1458
74 A 905
74 N 5031
75 N 1835
76 A 141
76 T 6
76 N 1952
77 A 1
77 N 8471
78 A 2
78 N 7397
79 G 1
79 N 2666
80 A 17
80 N 139804
81 N 1131
82 A 32
82 T 6
82 N 1776
83 A 3
83 N 4790
84 C 1
84 N 258721
85 A 1995
85 T 1
85 N 6508
86 A 2
86 N 4205
87 A 1
87 N 4811
88 N 5941
0 -82 1
0 -60 62
0 -59 1
0 -54 4
0 -7 370
0 -4 1
0 -2 1
0 -1 3
0 4 2
1 -26 23
2 -4 1
2 -2 2
2 -1 34
2 1 1
3 -1 7
4 -1 1
5 -3 1
5 -2 3
5 -1 4
7 -1 2
8 -5 1
8 -4 1
8 -3 1
8 -2 4
9 -2 2
9 -1 5
10 -2 2
10 -1 10
15 -1 6
16 -43 1
17 -2 1
18 -2 2
19 -2 1
19 -1 4
20 -4 3
20 -2 1
20 -1 2
21 -6 1
21 -3 1
21 -1 12
22 -4 1
22 -2 3
23 -3 1
23 -1 4
24 -1 1
25 -4 2
25 -3 1
25 -2 15
25 -1 1
27 -3 1
27 -1 42
28 -7 1
28 -2 10
28 -1 2
29 -5 2
31 -2 3
32 -2 1
32 -1 10
33 -2 1
33 -1 2
34 -1 1
37 -1 1
42 -3 1
42 -1 1
43 -1 1
44 -2 2
44 -1 36
45 -2 1
45 -1 3
46 -1 3
47 -11 1
48 -7 3
48 -3 1
48 -1 3
49 -3 2
49 -1 2
51 -6 1
52 -2 3
52 -1 1
55 -2 1
56 -1 6
58 -1 1
60 -4 1
62 -3 1
62 -2 2
63 -1 6
64 -2 1
65 -1 16
70 -3 1
70 -1 2
75 -3 1
75 -2 2
75 -1 4
76 -2 1
77 -3 2
77 -1 5
79 -2 3
79 -1 2
80 -1 3
