ROI: rpoz
Phase: 1
Total nodes checked: 1894065
Total variants found: 1246708
0 N 32432
1 A 33
1 N 2752
2 A 1075
2 N 6685
3 C 1
3 N 2739
4 A 81
4 T 1
4 N 4860
5 N 10665
6 A 5
6 T 1
6 N 2581
7 A 8
7 T 2
7 N 5667
8 C 1
8 N 5580
9 A 9
9 N 1884
10 A 301
10 T 1
10 N 4168
11 N 93934
12 N 2447
13 N 2053
14 N 1856
15 N 2203
16 G 1
16 N 5112
17 N 6471
18 A 2
18 T 1
18 N 1314
19 C 1
19 N 4345
20 T 1
20 N 2697
21 N 1787
22 A 3
22 T 3
22 N 151858
23 A 8
23 T 1
23 N 1648
24 A 390
24 N 4025
25 N 5193
26 A 15
26 G 1
26 N 3487
27 A 22
27 N 2292
28 A 157
28 T 1
28 N 3237
29 A 33
29 N 4240
30 N 21365
31 N 1740
32 N 3880
33 A 14
33 N 2807
34 N 7117
35 A 38
35 N 1795
36 N 3212
37 C 2
37 N 3516
38 A 1132
38 N 4310
39 N 76638
40 A 11
40 T 3
40 N 2155
41 A 10
41 C 1
41 T 1
41 N 43339
42 T 2
42 N 3925
43 A 46
43 N 11835
44 A 37
44 N 4251
45 A 154
45 N 7715
46 N 3167
47 A 15
47 N 1460
48 C 3
48 N 7672
49 N 5569
50 N 1859
51 N 5410
52 A 1
52 N 3363
53 T 1
53 N 4170
54 T 1
54 N 4644
55 T 1
55 N 9256
56 N 8569
57 N 47723
58 N 8056
59 A 3
59 T 4
59 N 4453
60 A 5
60 N 4264
61 N 7132
62 N 1721
63 G 1
63 N 7520
64 A 24
64 N 411260
65 A 907
65 N 7763
66 A 138
66 N 1951
67 N 3119
68 N 2947
69 N 6109
70 N 1949
71 A 4
71 N 3300
72 N 4235
73 A 30
73 N 2148
74 A 920
74 T 1
74 N 9484
75 G 1
75 N 4543
76 A 191
76 T 2
76 N 1741
77 A 3
77 N 1638
78 C 1
78 N 3648
79 N 3006
80 A 10
80 T 1
80 N 3207
81 N 2230
82 A 27
82 T 5
82 N 15558
83 A 2
83 N 2782
84 N 4207
85 A 1502
85 N 8568
86 A 2
86 N 6499
87 N 4109
88 N 6491
0 -86 2
0 -60 46
0 -59 4
0 -54 8
0 -52 1
0 -19 4
0 -15 1
0 -7 450
0 -6 1
0 -3 2
0 -2 2
0 -1 1
1 -26 5
2 -2 4
2 -1 42
3 -12 1
3 -1 15
4 -1 2
5 -3 1
5 -2 4
5 -1 3
7 -1 2
8 -3 2
8 -2 2
9 -2 1
9 -1 10
10 -1 18
13 -3 1
14 -2 4
15 -5 1
15 -1 10
16 -5 1
17 -1 2
19 -5 3
19 -4 1
19 -3 1
19 -1 8
20 -4 1
20 -2 5
20 -1 2
21 -1 6
22 -2 3
23 -3 1
23 -1 8
25 -5 1
25 -4 1
25 -2 16
25 -1 1
26 -1 1
27 -4 2
27 -1 34
28 -2 12
28 -1 5
29 -4 2
30 -3 2
31 -2 5
32 -2 2
32 -1 12
33 -2 1
33 -1 2
34 -2 1
34 -1 9
36 -2 1
37 -1 1
41 -2 1
41 -1 1
42 -4 1
42 -3 1
42 -1 1
43 -7 1
43 -1 1
44 -2 4
44 -1 35
45 -3 1
45 -2 1
45 -1 9
46 -1 9
47 -4 1
47 -2 1
48 -2 1
48 -1 6
49 -1 1
50 -1 2
51 -2 1
51 -1 1
52 -6 2
52 -3 1
52 -2 11
52 -1 4
55 -2 3
56 -2 1
56 -1 9
58 -1 5
61 -3 1
61 -1 1
62 -3 2
62 -2 2
63 -2 2
63 -1 4
65 -1 25
69 -2 1
70 -1 1
76 -2 1
77 -1 3
78 -2 1
78 -1 1
79 -6 1
79 -1 2
80 -1 9
81 -1 1
83 -1 1
84 -1 1
86 -1 1
